0 133 116 73 152 306 304 60 300 319 206
0 328 235 274 174 182 249 144 331 68 187 64 143 24 43 216 30 327 146 103 89 47 91 61 240 232 169 139 67 125
0 271 252 189 270 145 29 17 253 193 31 295 155 97 149 141 201 96 154 40 332 115 123 302 236 94
0 326 93 199 248 318 267 138 56 299 289 167 25 120 134 42 72 11 27 108 273 66 150 202 243 245 33 168 297
0 99 107 45 222 188 39 121 298 335 21 312 212 112 158 1 34 28 79 105 16 55 284 57 334 321 5 110 119 160 71 63
0 269 44 92 124 205 214 176 197 228 229 209 185 49 26 210 132 131 276 257 159 215 204 191
0 309 180 293 286 127 129 166 207 226 70 261 173 217 15 83 330 263 172 315 221 109 233 38 258
0 69 77 165 81 255 101 241 113 114 161 314 87 84 137 324 244 51 268 246 74 291 183 292 198 195
0 36 75 322 18 230 6 153 227 53 325 10 95 54 290 50 140 275 307 264 88 281 4 100 162 224 117
0 78 62 320 239 184 285 164 311 250 259 9 213 102 35 308 104 280 130 52 238 251 192 41 7
0 265 151 208 157 122 147 190 106 316 177 336 296 219 231 85 8 301 203 59 14 111 279 48 128
0 260 76 242 163 86 12 277 294 194 23 98 283 22 225 156 19 254 186 317 20 179 218 313 200 181
0 80 266 58 142 65 118 126 136 37 287 247 333 282 3 288 148 329 171 90 272 13 237 196 303 223 178 2
0 135 310 323 211 278 256 46 305 32 175 262 170 220 234 82