0 433 166 171 413 139 44 309 19 402 430 510 371 432 295 20 298 515 99 117 427 439 169 454 6 74 277 421 530 505 429 294
0 464
0 288 266 527 286 72 392 472 77 258 359 147 396 492 556 151 538 42 185 471 486 466 203 448
0 212 105 301 268 333 416 401 261 307 410 271 224 230 244 443 247 394 554 425 90 213 8 89 241 384 253 290 220 174
0 524 187 349 128 170 173 367 68 260 61 217 101 198 368 93 202 76 488 296 289 106 304
0 412 365 167 559 573 22 568 243 470 547 326 351 354 462 323 140 564 282 369 269 129 177 491 389 341 35 112 255 191 28 415 293 382 451 157
0 75 275 513 207 85 300 553 437 483 305 239 348 221 141 132 214 120 16 199 388 233 60 399 88 69 10 403 444 449 257 194
0 507 506 193 245 26 543 529 458 175 342 332 59 135 125 279 418 480 373 574 534 455 109
0 337
0 328 363 97 537 158 278 546 390 540 192 481 504 302 165 569 364 551 398 82 497 179 7 136 355 479 87 312
0 188 292 450 31 526 148 440 113 116 263 23 15 441 123 229 242 442 387 223 280 321 475 306 501 218 119 350 83 37 40
0 215 178 512 297 17 447 325 58 522 548 406 523 283 49 161 70 267 560 50 299 205 122 18
0 381 287 180 27 127 407 508 81 184 66 419 495 265 409 254 200 227 238 209 84 142 228 234 490 67 555 383 346 536
0 500 414 274 73 541 130 115 124 457 461 336 343 181 172 189 377 96 86 303 264 532 566 317 329 445 572 361 436 95
0 30 528 499 494 201 262 168 562 146 366 438 503 104 39 358 434 385 411 380 391 469 420 29 423 375 308 511 57
0 460 509 518 162 362 56 232 235 48 539 557 21 259 339 248 542 246 519 565 25 156 4 47 379 52 111 400
0 54 452 463 249 252 102 183 222 405 150 143 310 520 206 386 352 487 114 196 424 322 521 408 98 478 65
0 276 226 319 327 374 320 313 372 558 431 46 138 2 251 91 344 11 5 376 318 94 456 453 152 80 126 250 100 273
0 176 404 417 514 159 531 356 570 549 216 133 45 55 360 71 435 561 208 155 395 24 51
0 211 197 474 236 331 315 144 107 493 525 575 393 338 62 210 153 9 145 489 496 154 53 502
0 517 459 335 345 426 1 516 334 285 3 567 324 186 545 237 353 314 225 163 121 256 182 195 533 340 477 131 92 465 284 498
0 219 110 473 63 13 563 281 397 164 43 571
0 482 190 32 476 347 34 204 79 357 576 272 33 544 467 468 118 78 446 36 422 149 64 378 484 485
0 550 231 160 14 270 103 370 428 41 330 552 134 316 137 108 12 311 535 240 291 38