0 152 262 46 144 346 171 160 196 107 278 326 257 66 209 116 275 244 333 146
0 290 157 245 288 227 101 81 360 55 359 99 3 141 174 127 114 254 70 374 381 63 280 289 252 18
0 12 191 269 210 143 235 59 68 239 72 115 118 139 375 228 282 54 62 322 310 234 283 319 382
0 73 56 77 112 133 122 28 7 362 34 332 188 376 134 166 194 92 109 215 285 251
0 253 223 177 78 363 22 89 51 300 236 356 190 229
0 358 38 200 216 47 217 250 287 27 35 315 337 277 182 173 4 126 334 355 184 108 29 106 110 295 74 232 202 181 13 33 225
0 331 272 148 82 367 259 75 369 145 314 309 198 341 25 226 301 183 95 348 52 192 117 30 88 23 380 308 84 44 214 350
0 104 120 329 197 135 37 50 303
0 373 69 343 292 345 137 211 351 86 2 16 263 138 266 261 377 178 91 154 293 347 335 297
0 307 268 100 93 212 67 219 162 58 231 273 90 79 206 60 294 124 218 305 125 142 243 246 265
0 179 151 94 80 247 123 344 97 172 203 276 189 271 339 129 111 255 270 224 320 158 242 195 170
0 313 57 15 153 205 298 64 98 10 383 71 324 5 6 328 45 175 327 241 264 1 258 167 26 161
0 180 199 207 371 8 249 149 193 366 267 238 299 21 302 325 147 204 132 9 222 187 186 306 379 32 316 317 213 304 169
0 220 323 256 36 336 321 121 361 164 85 24 357 286 43 233 208 372 349 368 352 353 159 20 163 31 176 384 87 284
0 201 185 342 61 230 14 274 39 105 156 11 119 168 83 311 318 365 140 128 155 42 279 340 76 312 130 17 281 330 165
0 131 221 248 40 338 96 237 49 102 296 103 113 291 364 65 41 150 240 19 136 354 370 378 260 48 53
