0 262 365 188 432 42 73 185 338 70 48 52 324 294 198 406 283 109 36 155 232 3 173 122 372 142 34 105 389 245 205 370 117 194
0 7 368 394 31 96 276 71 118 344 373 88 265 332 2 190 90 148 114 371 110 334 80 258
0 92 76 32 248 15 315 119 342 67 367 50 369 91 222 350 274 298 241 314
0 374 86 131 63 273 239 313 359 363 404 68 417 364 135 141 125 58 290 37 268 147 250 66 43 310 161 422 5
0 17 403 379 49 207 322 204 421 244 289 366 277 169 341 340 55 150 40 165 309 12 333 286 215 326 69
0 65 297 62 143 242 16 293 412 25 418 19 89 410 57 352 100 295 26 64 177 214 129 217 220 11 358 199
0 133 182 4 174 280 392 38 312 249 387 271 319 259 413 183 343 75 41 116 243 24 181 106 327
0 396 430 355 20 139 383 420 153 391 170 61 395 104 164 423 227 429 149 362 209
0 385 230 291 247 278 103 84 331 256 408 30 328 115 238 202 191 318 102
0 311 101 28 128 160 120 94 206 140 409 21 330 23 35 303 113 95 316 87 184 22 175 137 386 126 321 146 178
0 85 154 240 196 211 305 304 325 288 145 46 335 179 166 275 93 136 345 427 426 208 296 224 336 337 99 134 263 425
0 252 270 195 83 397 44 221 45 97 200 18 189 237 317 424 253 213 267 167 384 405 29 393 414 225
0 9 348 398 431 74 123 419 351 107 281 402 282 301 111 121 285 193 415
0 356 171 246 192 82 130 59 72 159 299 388 399 176 60 357 47 229 347 56 163 39 381 292 231
0 78 187 360 407 346 339 81 428 98 375 162 223 401 144 382 27 216 53 13 168 157
0 51 353 8 320 180 269 138 77 212 152 1 377 390 233 361 300
0 257 197 226 234 219 264 266 400 287 33 329 108 203 251 279 308 112 416 132 158 6 201 411 255 124
0 235 10 236 349 156 302 376 14 272 380 79 210 151 186 254 260 228 218 354 306 284 127 54 172 378 307 323 261