0 288 414 47 4 306 116 386 425 154 441 172 290 40 52 322 318 239 344 259 434 27 473
0 175 426 396 77 204 147 455 108 44 258 456 96 304 197 409 336 211 75 384 440 79 177 370 297 224 407
0 66 395 54 406 419 356 428 125 199 83 121 220 193 253 477 33 72 376 439 271 165
0 276 275 273 430 377 98 432 363 142 74 135 367 464 57 393 405 480 106 374 184 225 310 155 254
0 133 198 463 6 280 436 205 187 164 298 423 30 323 451 68 314 394 381 277 262 424 45 235 371 348
0 166 14 231 281 156 81 15 411 272 448 362 21 82 415 383 151
0 274 328 80 270 202 251 208 355 422 62 346 364 365 403 385 206 429 76 32 191 255 330 292 11
0 39 173 214 467 459 471 218 416 200 26 35 1 49 343 286 221 265 479 209 333 41 340 236 162 410 400 196 345 117 442 216 16
0 279 120 380 88 167 401 50 289 303 130 38 360 105 397 300 136 109 252 84 458 152
0 319 212 283 42 243 462 28 89 163 110 85 244 390 443 452 237 100 201 302 102 99 392 126 399 382 351 179 203
0 296 67 450 37 317 153 178 249 119 71 461 176 70 267 103 287 92 226 213 379 149 43 263 141 171 308 222 398 387
0 17 373 112 242 189 353 182 115 361 327 58 150 293 210 146 86 59 332 445 93 10 291 421 69 349 313
0 64 134 325 368 321 478 438 358 138 31 299 60 476 472 25 188 282 13 391 266 312 331 180
0 247 311 113 388 183 124 8 123 122 232 61 48 233 161 260 350 128 101 2 159 446 129 19 337 309 339 190 139
0 169 347 437 250 326 90 417 148 261 95 453 55 29 140 195 420 412 194 217 94 78 63 465
0 408 34 145 369 354 9 181
0 46 378 97 433 234 227 144 174 7 324 87 357 389 359 264 474 24 229 315 316 334 431 223 449 338 104 107 470 170
0 114 469 454 301 366 257 341 285 468 246 160 241 444 137 168 228 51 91 12 418 352 18 457 375 5 158 269 475 404 342 185
0 143 186 402 127 36 23 53 238 245 207 435 413 460 56 240 329 230 248 447 335 427 192 131 307
0 73 305 320 294 284 111 65 157 22 466 219 372 132 3 278 118 295 20 215 268 256