0 407 96 254 365 203 474 492 74
0 108 204 2 222 488 405 34 90 317 123 422 235 378 192 51 159 156 457 469 323 224 483 174 298 364 499 171 274 267 447
0 15 205 419 191 504 162 40 402 526 387 197 68 140 10 151 481 242 30 81 172 114 399 249 340
0 477 282 143 147 23 452 229 485 72 329 268 439 478 428 299 63 369 112 524 163 113 85 57 49 145 389 345
0 288 144 148 175 370 133 150 520 432 315 77 93 157 417 310 184 493 275 130 294 496 289 435 451 236 426 99 309
0 503 178 55 35 165 132 498 183 239 59 445 347 149 285 244 342 472 339 225 253 391 100 69 250 266 490
0 296 291 395 119 181 461 52 527 18 101 3 414 207 241 384 195 263 436 79 318 458 321 105 471 279 415
0 495 153 196 475 502 372 9 14 460 211 32 233 232 215 484 367 433 252 124 271 450 118 360 246 383 354 380
0 61 41 448 33 287 231 259 164 5 307 480 278 134 190 300 212 313 462 463
0 516 270 44 70 13 355 92 89 189 155 333 500 257 297 56 373 137 290 230 216 117 71 326 398
0 218 64 73 386 292 421 459 269 199 179 431 497 25 449 319 213 348 182 240 513 27 245 381 358 221 362 43 314 332
0 511 443 260 66 476 330 506 410 293 412 440 528 75 200 280 453 272 128 522 335 517
0 21 466 107 131 83 444 87 76 328 208 418 470 24 98 385 125 363 306 353 359 464
0 510 343 234 338 67 58 276 305 486 139 82 302 301 223 202 324 322 344 17
0 12 401 366 424 501 434 104 201 446 217 262 427 141 425 122 491 371 304 248 169 243 115 45 54 152 102
0 356 22 166 251 170 394 84 26 409 368 186 489 187 357 220 331 416 247 194 255 210 374 158 198
0 50 312 382 283 400 127 467 138 4 337 228 146 29 388 219 136 173 479 303 167 509
0 188 404 325 273 352 261 1 7 413 308 390 206 286 482 129 176 465 379 19 237 88 193 111 284 20 295 375 60
0 442 316 227 116 507 468 411 38 420 521 519 91 441 16 429 110 161 376 53 31 341 126 135
0 62 351 327 46 396 350 94 377 214 78 95 256 121 430 334 277 515 454 397 36 265 494 103 37 437
0 349 392 97 264 120 106 180 177 514 393 311 47 86 455 65 487 80 258 456 423 8 406 142 523 361 11
0 320 109 185 42 28 473 281 346 168 226 39 525 403 408 209 238 508 505 154 160 438 512 336 48 6 518