0 252
0 395 441 574 30 388 166 72 317 520 73 478 509 231 104 22 323 281 403 365 370 487 383 400 223 302 74 59 366 337
0 151 417 500 392 197 377 154 176 21 287 267 469 291 563 543 412 179 399 544 551 129 459 119 423 363 539 20 194 200 35 66
0 135 242 283 10 296 378 444 322 27 259 374 62 343 266 571 484 386 279 364 80 238 97
0 473 561 19 534 406 359 497 211 261 533 567 492 82 65
0 476 457 431 445 414 193 60 152 557 45 546 95
0 50 573 170 462 353 419 155 234 271 100 442 416 511 225 239 452 46 275 443 328 42 248 37 350 76 222 237 229
0 300 486 232 506 537 113 55 178 142 91 421 125 305 213 498 351 463 552 472 145 289 529 312 308 29 282 90 44 402
0 319 28 361 116 451 36 172 309 293 294 525 424 341 372 507 98 210 24 253 228 495 115 521 336 141 149 410 401 376
0 63
0 347 241 133 397 390 373 130 117 510 477 86 70 9 550 433 102 334 226 132 349 214 254 139 368 216 292 298 75 2 189 96 339
0 340 475 181 295 422 344 249 77 250 453 260 205 219 352 262 438 555 187 246 456 198 536 342 508 14 470 362 124
0 138 34 371 448 18 519 321 212 87 526 407 346 549 432 466 425 440 217 48 199 327 446 83 121 144 51 345 485 218 165
0 5 355 458 201 313 483 306 303 3 264 227 167 17 33 429 188 26 502 548 465 575 491 79 439 547 54 31 490 202 393
0 381 367 480 396 156 564 111 467 78 107 159 285 404 38 290 479 265 299 413 196 409 177 247 122 426 220 11 120 505 348
0 61 358 256 136 471 518 103 314 49 195 304 460 387 454 554 109 67 64 40 146 224 244 380 532 134
0 553 230 558 157 184 496 411 274 542 572 494 324 81 13 85 147 530 318 169 161 331 568 94 541 513 493 209
0 12 270 101 203 182 208 464 391 106 531 566 320 515 173 69 160 514 357 183 538 257 163 174 16 394 330 245
0 258 53 206 263 369 143 522 255 15 418 435 89 428 408 540 576 284 41 382 71 333 233 501 272 240 570
0 269 127 215 288 192 168 105 398 517 488 449 316 489 112 207 325 556 186 8 123 6
0 436 114 39 43 447 204 384 455 126 137 315 99 405 528 162 1 338 481 332 468 527 310 175 482 360 273 503 7 286 131 307 180 92
0 57 88 545 171 569 56 4 356 140
0 32 280 52 276 191 437 311 499 221 128 430 164 385 47 243 277 524 25 68 153 84 278 562 512 185 110 420 461 559
0 535 523 516 118 389 108 297 148 158 326 235 565 354 379 415 268 504 560 190 335 434 58 150 93 251 474 329 236 427 301 375 23 450