0 125 283 179 268 173 305 217 25 291 155 49 216
0 72 319 175 36 186 79 16 195 140 270 328 332 284 82 244 214 311 134 143 306 13 54 260 331 215 218 34 226
0 189 42 135 172 184 15 142 109 335 2 94 301 258 43 254 145 26 157 78 147 112 116 87
0 90 286 110 137 37 228 234 151 312 245 92 252 9 5 39 33 356 271 138 102 207 153 253 352
0 333 108 359 193 154 265 141 180 3 212 101 201 133 222 296 293 84 57 220 209 164 1 232 29 274 136
0 53 97 63 104 123 247 77 111 282 41 118 165 132 38 321 287 68 302 198 326 204 235 206 99
0 115 339 7 127 202 233 22 40 158 190 280 322 262 96 261 89 349 18 86 250 329 51 169 166 85 177 341
0 21 181 146 211 242 346 343 316 231 219 338 344 238 275 46 73 128 336 263 318 60 74 24
0 170 17 194 324 50 251 269 98 292 119 56 114 91 192 230 161 14 256 342 8 61 122 67 347 330 44 174
0 139 160 149 295 124 168 183 325 243 300 159 187 360 129 267 176
0 241 323 294 83 289 65 264 4 113 334 76 64 100 144 93 121 19 130 315 237 10 12 266 337 246 171 88
0 11 308 156 279 185 297 307 150 208 240 313 196 309 223 66 205 257 45 203 227 285 317 197 178 20 288 131 348 163 345 327
0 276 351 255 35 273 107 167 310 58 355 182 299 62 75 278 71 27 117 353 281 95 55 148 70 272 357 221 314 354
0 239 303 340 213 31 105 236 249 224 48 81 350 28 152 126 248 80 191 188 103 320 200 290
0 358 52 259 120 23 162 106 47 199 277 69 30 229 59 6 210 304 298 225 32