0 404 158 365 87 7 86 330 77 137 249 227 327 238 68 299 279 378 90 345 
0 413 184 411 196 159 396 408 198 222 304 364 288 133 67 220 44 142 331 303 66 37 289 151 360 322 347 27 155 301 
0 218 125 356 177 286 263 141 169 104 209 257 82 320 208 310 52 387 63 203 402 312 172 64 105 374 42 372 146 136 152 
0 285 366 265 376 205 276 39 145 391 161 341 334 325 302 318 412 300 350 25 354 337 162 392 182 
0 22 414 121 313 233 183 78 247 181 306 18 32 129 280 432 282 154 81 21 23 24 139 382 96 
0 430 373 333 16 291 84 174 269 131 353 43 228 277 254 116 342 48 70 29 91 362 316 250 41 262 258 149 53 226 61 194 335 170 58 
0 35 255 309 231 266 278 323 264 426 421 225 311 168 173 79 415 344 348 97 2 
0 5 241 45 359 229 251 127 380 267 4 150 186 425 235 113 192 273 195 80 51 338 126 272 379 297 140 284 261 
0 147 201 20 346 
0 308 393 384 76 206 119 94 212 164 171 367 72 230 431 211 215 429 271 321 400 28 407 246 175 390 189 296 397 59 343 283 369 
0 240 153 340 115 57 307 101 386 69 55 419 176 30 132 274 428 357 290 326 352 33 368 9 406 156 
0 294 242 253 109 108 207 224 398 135 111 424 13 237 15 232 223 324 204 377 355 144 73 375 256 165 71 420 293 95 60 3 410 405 
0 160 315 394 317 427 106 75 349 36 99 1 243 118 50 62 49 270 202 370 319 178 17 92 
0 138 339 74 423 292 305 167 245 332 191 281 123 216 117 336 361 329 295 122 83 88 217 416 
0 40 418 56 328 157 268 100 409 8 134 417 102 401 65 399 12 143 6 166 200 46 180 
0 188 252 234 395 34 422 148 185 403 85 210 287 110 236 351 128 221 107 31 199 388 163 
0 214 89 298 112 358 179 385 244 187 275 389 38 26 371 193 103 383 190 54 47 124 314 260 120 98 19 130 10 
0 219 248 11 93 213 197 239 114 259 363 14 381 
