0 113 497 293 205 174 93 152 430 47 444 44 328 138 316 452 404 168 501 427 219 313 27 392 235 483 443 477 460 286
0 491 472 40 149 457 226 127 296 400 148 352 379 109 409 5 65 469 6 54 241 475 172 423 254 301 77 133
0 130 136 243 413 339 256 43 60 10 261 354 204 426 500 186 33 74 246 496 192 449 259 69
0 216 71 455 110 15 410 240 425 248 458 236 349 162 183 361 327 451 96 314 321 461 346 390 32 135 143 101 439
0 126 323 213 281 338 416 450 200 187 486 498 405 415 119 385 59 58 34 380 103 305 282 315 422 115 170 276 378 359 232
0 499 474 360 146 222 57 366 181 207 479 504 233 285 466 260 387 478 362 132 220 441 84 89
0 99 463 291 300 326 144 272 218 18 357 227 442 406 329 184 464 53 196 363 100 433 237 476 280 489 283 377 356
0 358 503 251 194 397 325 199 337 85 322 225 161 90 250 429 88 330 66 269 424 468 188 381 228 317 8 150
0 75 19 238 159 83 263 173 368 266 80 297 453 270 104 139 365 156 38 128 221 13 399 112 122 414 376
0 384 87 31 105 129 164 351 488 459 257
0 403 350 255 51 401 11 402 179 355 448 480 201 342 82 374 396 502 382 203 312 490 25 298 394 471 373 421 389
0 295
0 102
0 111 142 28 482 345 160 369 435 97 116 428 299 14 42 294 94 318 307 353 30 278 244 437 37 72 383 29 182 331
0 274 289 465 157 230 197 234 454 302 118 98 262 481 131 340 348 493 393 375 7 22 50 26 418 494 214 78 41 473 335 46
0 202 462 447 336 16 412 277 411 249 63 2 48 95 364 253 123 134 176 191 284 303 169 81 21 153 212 208 395 267 137 193
0 258 436 151 117 198 407 210 467 49 73 23 279 371 456 265 419 39 420 264 242 121 245 343 391 163 434 180 124 332 1 319 125 211 492
0 268 231 108 56 239 485 432 3 495 484 417 91 446 431 12 92 70 487 79 347 209 62 324
0 309 310 386 76 306 9 20 320 145 388 140 175 408 252 185 273 178 17 223 398 341 86 195 367 334 344 171 45
0 158 206 292 35 287 52 438 288 106 189 333 470 445 217 4 440 36 55 154 67 61
0 166 370 372 308 68 120 64 190 224 141 177 311 247 229 165 147 271 275 215 114 167 107 304 155 24 290